year;month;day;hour;stid;x;y;z;yo;
2014;06;01;1;201300;604493;7514502;542;NA;
 2014;06;01;1;201900;629983;7593068;514;2.4;
 2014;06;01;1;202000;630114;7593164;516;NA;
 2014;06;01;1;202400;640650;7490456;425;NA;
 2014;06;01;1;202900;651299;7537401;1145;NA;
 2014;06;01;1;203100;701481;7559092;494;NA;
 2014;06;01;1;203600;669240;7532118;467;1.7;
 2014;06;01;1;203800;727335;7469623;453;NA;
 2014;06;01;1;204400;724707;7532814;460;NA;
 2014;06;01;1;204900;744447;7458341;359;4.8;
 2014;06;01;1;205400;781381;7563165;360;NA;
 2014;06;01;1;205500;764449;7632488;402;NA;
 2014;06;01;1;206400;810439;7487153;240;NA;
 2014;06;01;1;207200;830248;7533868;312;NA;
 2014;06;01;1;208000;804983;7609648;330;NA;
 2014;06;01;1;208100;804599;7610568;330;2.3;
 2014;06;01;1;209500;861849;7478558;164;4.9;
 2014;06;01;1;209600;862085;7480066;165;NA;
 2014;06;01;1;210100;503773;7298300;458;4.1;
 2014;06;01;1;210200;476905;7219065;1036;NA;
 2014;06;01;1;210300;502939;7295390;793;NA;
 2014;06;01;1;211000;503209;7245023;577;2.5;
 2014;06;01;1;211900;632234;7422011;315;5.3;
 2014;06;01;1;212000;632123;7421571;320;NA;
 2014;06;01;1;212100;548971;7396333;614;NA;
 2014;06;01;1;212400;628585;7328552;431;3.7;
 2014;06;01;1;212600;627210;7212219;275;5.7;
 2014;06;01;1;212800;625723;7211107;280;NA;
 2014;06;01;1;213000;563091;7374809;481;NA;
 2014;06;01;1;213500;632010;7273801;393;NA;
 2014;06;01;1;214100;688267;7359672;581;NA;
 2014;06;01;1;214600;707816;7383982;324;NA;
 2014;06;01;1;214700;668599;7230222;363;NA;
 2014;06;01;1;214900;696669;7281477;382;NA;
 2014;06;01;1;215100;729840;7383293;275;5.7;
 2014;06;01;1;215400;734926;7314827;182;7;
 2014;06;01;1;216100;760777;7416267;327;NA;
 2014;06;01;1;217100;802920;7314565;25;NA;
 2014;06;01;1;217300;778525;7296613;43;NA;
 2014;06;01;1;217400;774932;7364642;185;NA;
 2014;06;01;1;218100;851743;7371332;61;NA;
 2014;06;01;1;218400;821759;7429236;228;NA;
 2014;06;01;1;219900;873988;7414850;132;NA;
 2014;06;01;1;220700;355665;7020338;583;NA;
 2014;06;01;1;220900;362345;6993485;1030;NA;
 2014;06;01;1;221600;443690;7020132;355;NA;
 2014;06;01;1;221700;408022;7028536;435;NA;
 2014;06;01;1;221900;462577;7153452;553;3.3;
 2014;06;01;1;222100;426404;7080014;717;2.1;
 2014;06;01;1;222600;474859;7007481;375;NA;
 2014;06;01;1;223000;526997;7121458;310;NA;
 2014;06;01;1;223100;480601;7061104;362;NA;
 2014;06;01;1;223300;517894;7204920;545;NA;
 2014;06;01;1;223600;516318;7071360;375;NA;
 2014;06;01;1;224200;560398;7107474;241;NA;
 2014;06;01;1;224300;596443;7063262;219;4.8;
 2014;06;01;1;224400;596445;7063195;215;NA;
 2014;06;01;1;224500;588216;7163051;348;2.7;
 2014;06;01;1;224700;559114;7003087;183;1.2;
 2014;06;01;1;225400;612730;7117577;307;NA;
 2014;06;01;1;225600;614434;7181025;575;NA;
 2014;06;01;1;226000;664140;7003711;142;NA;
 2014;06;01;1;226100;678145;7163458;210;NA;
 2014;06;01;1;226300;664101;7109775;327;NA;
 2014;06;01;1;226500;675745;7063051;182;NA;
 2014;06;01;1;226700;698632;7037633;108;NA;
 2014;06;01;1;226900;702235;7012939;11;9.5;
 2014;06;01;1;227100;706909;7207418;309;NA;
 2014;06;01;1;228200;724982;7168525;258;NA;
 2014;06;01;1;230200;357196;6859338;665;NA;
 2014;06;01;1;230300;383778;6957468;995;NA;
 2014;06;01;1;230700;387227;6863722;869;NA;
 2014;06;01;1;230800;379795;6926513;723;2.2;
 2014;06;01;1;231100;398495;6781861;744;NA;
 2014;06;01;1;231700;427503;6885473;566;NA;
 2014;06;01;1;231900;441041;6958910;467;NA;
 2014;06;01;1;232100;448414;6791504;252;NA;
 2014;06;01;1;232400;457248;6876310;360;NA;
 2014;06;01;1;232500;456572;6929732;802;NA;
 2014;06;01;1;232700;468977;6879458;357;NA;
 2014;06;01;1;232900;499725;6836372;454;NA;
 2014;06;01;1;233100;504480;6957894;343;NA;
 2014;06;01;1;233700;534831;6903671;320;NA;
 2014;06;01;1;233800;538380;6803254;184;NA;
 2014;06;01;1;234300;565812;6929909;99;NA;
 2014;06;01;1;234700;581207;6855894;71;NA;
 2014;06;01;1;234900;588796;6960360;205;NA;
 2014;06;01;1;235400;621043;6924347;80;NA;
 2014;06;01;1;235500;633518;6843719;9;8.4;
 2014;06;01;1;236500;625345;6935779;4;NA;
 2014;06;01;1;236600;626057;6934814;5;7.2;
 2014;06;01;1;236800;642578;6901798;18;NA;
 2014;06;01;1;237800;611777;6792416;26;NA;
 2014;06;01;1;238200;658528;6949627;18;NA;
 2014;06;01;1;240300;390532;6508123;53;NA;
 2014;06;01;1;240700;429365;6727439;303;NA;
 2014;06;01;1;240800;333234;6568416;170;NA;
 2014;06;01;1;241000;428044;6726385;308;NA;
 2014;06;01;1;241100;366980;6617551;66;NA;
 2014;06;01;1;241300;378598;6737770;205;NA;
 2014;06;01;1;241700;392952;6513693;50;NA;
 2014;06;01;1;241800;405721;6590749;107;8.1;
 2014;06;01;1;242300;394685;6637805;109;NA;
 2014;06;01;1;242600;433486;6669154;187;NA;
 2014;06;01;1;242900;453955;6614042;133;NA;
 2014;06;01;1;243100;514122;6636994;282;NA;
 2014;06;01;1;243200;502591;6565541;54;7.3;
 2014;06;01;1;243500;527571;6699317;145;7.1;
 2014;06;01;1;244000;577479;6759423;162;NA;
 2014;06;01;1;244100;473308;6758521;196;NA;
 2014;06;01;1;244300;619296;6614335;26;NA;
 2014;06;01;1;244900;582501;6583545;10;NA;
 2014;06;01;1;245000;639672;6735505;4;NA;
 2014;06;01;1;245200;494214;6573396;219;10.7;
 2014;06;01;1;245300;618062;6733200;16;NA;
 2014;06;01;1;245800;645185;6643209;21;NA;
 2014;06;01;1;246200;647444;6639497;13;NA;
 2014;06;01;1;246800;507741;6693985;493;NA;
 2014;06;01;1;247200;506819;6665094;240;NA;
 2014;06;01;1;247600;580155;6547171;32;NA;
 2014;06;01;1;248100;594386;6642558;57;NA;
 2014;06;01;1;248200;609365;6682997;56;NA;
 2014;06;01;1;250000;269777;6534894;33;13.4;
 2014;06;01;1;250100;271281;6499557;22;14;
 2014;06;01;1;250500;283917;6445070;16;13.8;
 2014;06;01;1;250700;292236;6507833;80;NA;
 2014;06;01;1;251300;320845;6401025;2;9.4;
 2014;06;01;1;251500;332749;6454475;20;NA;
 2014;06;01;1;251600;297298;6392838;17;NA;
 2014;06;01;1;251800;313637;6355451;2;12.3;
 2014;06;01;1;252000;366494;6478732;54;9;
 2014;06;01;1;252100;349664;6498444;55;NA;
 2014;06;01;1;252600;338503;6395877;154;NA;
 2014;06;01;1;252700;338372;6393775;164;NA;
 2014;06;01;1;253100;319927;6397966;94;NA;
 2014;06;01;1;253600;391006;6406249;298;NA;
 2014;06;01;1;253900;365304;6332227;122;NA;
 2014;06;01;1;254000;337177;6499682;174;NA;
 2014;06;01;1;254200;385222;6466253;70;NA;
 2014;06;01;1;254400;471284;6485998;95;NA;
 2014;06;01;1;254500;474794;6491887;91;NA;
 2014;06;01;1;254600;464853;6526538;211;NA;
 2014;06;01;1;254800;465130;6439473;95;NA;
 2014;06;01;1;254900;468086;6372982;356;NA;
 2014;06;01;1;255000;444595;6401414;220;5.3;
 2014;06;01;1;255200;513928;6436739;197;NA;
 2014;06;01;1;255300;428344;6438195;220;NA;
 2014;06;01;1;255400;501744;6508441;225;NA;
 2014;06;01;1;255600;448162;6350274;169;NA;
 2014;06;01;1;255700;551308;6416391;90;NA;
 2014;06;01;1;255800;575959;6506210;154;NA;
 2014;06;01;1;256100;525171;6500082;72;NA;
 2014;06;01;1;256200;530728;6473153;93;6.5;
 2014;06;01;1;257400;566674;6494167;41;7.8;
 2014;06;01;1;260200;373087;6252965;140;NA;
 2014;06;01;1;260300;357501;6304515;47;NA;
 2014;06;01;1;260500;348811;6258830;10;NA;
 2014;06;01;1;261800;382004;6313428;133;5.4;
 2014;06;01;1;262000;382460;6315342;85;NA;
 2014;06;01;1;262200;431818;6301557;148;NA;
 2014;06;01;1;270500;1029451;7486053;491;NA;
 2014;06;01;1;271700;945553;7600851;275;NA;
 2014;06;01;1;271900;1033776;7578225;240;NA;
 2014;06;01;1;272200;1006807;7640644;320;NA;
 2014;06;01;1;272300;914260;7551941;522;NA;
 2014;06;01;1;272600;848208;7634428;374;NA;
 2014;06;01;1;274500;1109651;7519441;213;NA;
 2014;06;01;1;280100;730794;7670774;480;NA;
 2014;06;01;1;280500;961064;7784239;107;NA;
 2014;06;01;1;280700;1002398;7661558;147;NA;
 2014;06;01;1;281200;927427;7412476;91;NA;
 2014;06;01;1;281300;986310;7427546;106;NA;
 2014;06;01;1;281400;1033568;7451938;208;NA;
 2014;06;01;1;281500;1064592;7523223;180;NA;
 2014;06;01;1;281600;1004769;7602288;248;NA;
 2014;06;01;1;281700;1007522;7642755;437;NA;
 2014;06;01;1;281800;1040966;7654919;253;NA;
 2014;06;01;1;281900;1112828;7587849;370;NA;
 2014;06;01;1;282000;875484;7577395;760;NA;
 2014;06;01;1;282100;880356;7568012;565;NA;
 2014;06;01;1;282300;862713;7563758;236;NA;
 2014;06;01;1;282400;885390;7570336;347;NA;
 2014;06;01;1;282600;997164;7519053;179;NA;
 2014;06;01;1;282700;995032;7713071;123;NA;
 2014;06;01;1;283500;1031962;7695454;121;NA;
 2014;06;01;1;283600;996969;7519016;179;NA;
 2014;06;01;1;284400;893333;7434400;85;NA;
 2014;06;01;1;284500;978367;7424222;193;NA;
 2014;06;01;1;284700;974608;7416282;85;NA;
 2014;06;01;1;284900;1096319;7478727;215;NA;
 2014;06;01;1;601900;113293;6327517;41;NA;
 2014;06;01;1;602100;112483;6349155;3;NA;
 2014;06;01;1;602200;-139370;6222296;75;NA;
 2014;06;01;1;602400;118966;6342390;7;NA;
 2014;06;01;1;602900;199955;6333645;2;NA;
 2014;06;01;1;603000;188160;6339895;3;12;
 2014;06;01;1;603100;195064;6349313;13;NA;
 2014;06;01;1;603200;219657;6369620;55;NA;
 2014;06;01;1;603300;198779;6394890;3;NA;
 2014;06;01;1;603400;213867;6383606;28;NA;
 2014;06;01;1;604100;239989;6407752;3;9.7;
 2014;06;01;1;604200;232871;6374685;3;NA;
 2014;06;01;1;604400;215069;6326097;16;NA;
 2014;06;01;1;604900;198526;6279260;88;NA;
 2014;06;01;1;605100;92036;6310998;18;NA;
 2014;06;01;1;605200;84964;6305318;2;11.4;
 2014;06;01;1;605500;75464;6268713;5;NA;
 2014;06;01;1;605600;109447;6266714;53;NA;
 2014;06;01;1;605800;72683;6228129;2;NA;
 2014;06;01;1;606000;135916;6254304;52;11.1;
 2014;06;01;1;606300;144876;6320549;2;NA;
 2014;06;01;1;606500;164311;6303679;32;NA;
 2014;06;01;1;606600;85745;6225042;5;NA;
 2014;06;01;1;606800;138191;6231801;60;NA;
 2014;06;01;1;606900;165912;6274177;53;10.6;
 2014;06;01;1;607000;229443;6248994;25;10.6;
 2014;06;01;1;607200;198602;6250455;60;NA;
 2014;06;01;1;607300;220980;6225794;4;NA;
 2014;06;01;1;607400;197360;6225689;54;NA;
 2014;06;01;1;607900;286411;6291315;2;NA;
 2014;06;01;1;608000;93956;6172397;30;NA;
 2014;06;01;1;608100;64038;6178580;19;NA;
 2014;06;01;1;608200;102232;6219909;25;NA;
 2014;06;01;1;608800;82827;6164507;4;NA;
 2014;06;01;1;610200;173931;6203692;22;NA;
 2014;06;01;1;610400;134016;6192349;75;NA;
 2014;06;01;1;610900;128017;6163020;62;NA;
 2014;06;01;1;613200;225842;6196023;16;NA;
 2014;06;01;1;625500;-239654;6867701;47;NA;
 2014;06;01;1;2202800;1284423;7807252;33;NA;
 2014;06;01;1;2210600;1176751;7703935;61;NA;
 2014;06;01;1;2211300;1214113;7755474;57;NA;
 2014;06;01;1;2212700;1324830;7678749;159;NA;
 2014;06;01;1;2221200;1242304;7645166;140;NA;
 2014;06;01;1;2221700;1243314;7555034;26;NA;
 2014;06;01;1;1135;301260;6544083;160;NA;
 2014;06;01;1;1230;293198;6559270;8;NA;
 2014;06;01;1;1400;303170;6561576;114;NA;
 2014;06;01;1;2980;286764;6558308;66;NA;
 2014;06;01;1;17251;255350;6597300;32;NA;
 2014;06;01;1;17280;249279;6596851;14;12.1;
 2014;06;01;1;3005;283312;6566012;40;NA;
 2014;06;01;1;3190;278602;6578270;57;11.1;
 2014;06;01;1;3200;279940;6580648;31;NA;
 2014;06;01;1;3370;274810;6582300;45;10.3;
 2014;06;01;1;3015;273369;6567897;10;NA;
 2014;06;01;1;3019;268546;6570532;10;NA;
 2014;06;01;1;3030;269721;6572716;30;NA;
 2014;06;01;1;3120;273191;6575744;9;NA;
 2014;06;01;1;17000;261507;6564358;10;12.1;
 2014;06;01;1;17005;262798;6566756;5;NA;
 2014;06;01;1;17030;257811;6577264;3;NA;
 2014;06;01;1;1080;273068;6550860;17;NA;
 2014;06;01;1;1600;310962;6573072;120;NA;
 2014;06;01;1;1650;309830;6578293;113;NA;
 2014;06;01;1;1950;310323;6598603;123;NA;
 2014;06;01;1;1960;308218;6601733;208;NA;
 2014;06;01;1;3990;291757;6630307;179;NA;
 2014;06;01;1;3720;279667;6612039;90;NA;
 2014;06;01;1;3730;279597;6612489;97;NA;
 2014;06;01;1;3731;279414;6612556;100;NA;
 2014;06;01;1;3810;283569;6611689;141;NA;
 2014;06;01;1;3480;299543;6606203;158;NA;
 2014;06;01;1;1380;289972;6587756;130;NA;
 2014;06;01;1;3280;295655;6597006;144;NA;
 2014;06;01;1;3290;294848;6588637;100;7;
 2014;06;01;1;17050;261862;6583037;12;7.6;
 2014;06;01;1;17090;266768;6586248;50;NA;
 2014;06;01;1;17150;261313;6589257;40;9;
 2014;06;01;1;17380;259002;6592062;35;9.9;
 2014;06;01;1;17400;261580;6600663;30;NA;
 2014;06;01;1;17500;274348;6602086;131;NA;
 2014;06;01;1;3780;277168;6617511;144;NA;
 2014;06;01;1;17550;258209;6605479;25;NA;
 2014;06;01;1;17650;259606;6614602;75;NA;
 2014;06;01;1;17830;264690;6632156;60;NA;
 2014;06;01;1;17850;262417;6621156;92;7.7;
 2014;06;01;1;17870;263485;6621780;120;NA;
 2014;06;01;1;17875;265369;6623705;91;NA;
 2014;06;01;1;17775;252118;6630448;32;NA;
 2014;06;01;1;17780;255111;6638303;104;NA;
 2014;06;01;1;17810;257107;6643253;98;NA;
 2014;06;01;1;17895;262141;6636081;110;NA;
 2014;06;01;1;19430;250565;6647821;3;NA;
 2014;06;01;1;19490;249325;6649469;67;NA;
 2014;06;01;1;19510;255499;6652819;125;NA;
 2014;06;01;1;19610;246271;6650683;81;NA;
 2014;06;01;1;19660;242345;6654552;250;NA;
 2014;06;01;1;19710;244377;6644211;163;10;
 2014;06;01;1;2560;296190;6639055;204;NA;
 2014;06;01;1;2650;308792;6646573;128;5.1;
 2014;06;01;1;4825;293417;6650726;145;NA;
 2014;06;01;1;4040;283905;6629974;164;NA;
 2014;06;01;1;17640;275695;6629176;130;NA;
 2014;06;01;1;4090;273189;6648787;227;NA;
 2014;06;01;1;4110;275288;6652231;231;NA;
 2014;06;01;1;4200;278919;6654781;108;9.4;
 2014;06;01;1;4260;275585;6655730;143;10.1;
 2014;06;01;1;18280;272915;6656898;225;NA;
 2014;06;01;1;4460;268279;6671793;170;7.6;
 2014;06;01;1;4725;284568;6676425;203;NA;
 2014;06;01;1;4780;282812;6680860;202;9.7;
 2014;06;01;1;4781;282365;6678855;202;NA;
 2014;06;01;1;4920;299664;6671003;160;8.1;
 2014;06;01;1;4950;305372;6672927;145;NA;
 2014;06;01;1;4960;305275;6686545;130;NA;
 2014;06;01;1;11120;287828;6690857;181;NA;
 2014;06;01;1;11125;286404;6689433;180;NA;
 2014;06;01;1;11440;288995;6723060;140;NA;
 2014;06;01;1;11450;292300;6701236;160;9.5;
 2014;06;01;1;11463;292340;6701646;150;NA;
 2014;06;01;1;4740;280981;6677364;187;NA;
 2014;06;01;1;17980;266048;6641271;92;NA;
 2014;06;01;1;18020;264179;6645365;135;NA;
 2014;06;01;1;18160;264449;6644756;118;NA;
 2014;06;01;1;18162;264395;6648310;15;NA;
 2014;06;01;1;18165;265178;6647311;130;NA;
 2014;06;01;1;18170;267156;6647097;123;NA;
 2014;06;01;1;18180;267807;6648340;176;NA;
 2014;06;01;1;18195;266339;6648019;80;NA;
 2014;06;01;1;18205;264787;6650954;88;NA;
 2014;06;01;1;18210;265518;6650271;100;NA;
 2014;06;01;1;18215;267118;6651208;155;NA;
 2014;06;01;1;18225;267097;6652817;204;NA;
 2014;06;01;1;18230;267290;6650639;90;12.5;
 2014;06;01;1;18233;268975;6652487;120;NA;
 2014;06;01;1;18235;270853;6652057;160;NA;
 2014;06;01;1;18240;270450;6651614;160;NA;
 2014;06;01;1;18245;269702;6654719;201;NA;
 2014;06;01;1;18260;272476;6652493;181;NA;
 2014;06;01;1;18269;271371;6653365;123;NA;
 2014;06;01;1;18270;273036;6654680;200;NA;
 2014;06;01;1;18310;263823;6649452;19;NA;
 2014;06;01;1;18390;262542;6652560;74;NA;
 2014;06;01;1;18405;263890;6652251;110;NA;
 2014;06;01;1;18410;265310;6652294;140;NA;
 2014;06;01;1;18420;264918;6652911;130;NA;
 2014;06;01;1;18440;264740;6654508;162;NA;
 2014;06;01;1;18450;265049;6655761;173;NA;
 2014;06;01;1;18500;259962;6664957;360;5.2;
 2014;06;01;1;18645;260776;6649592;25;NA;
 2014;06;01;1;18690;259866;6649316;20;NA;
 2014;06;01;1;18700;260967;6652718;94;12.8;
 2014;06;01;1;18701;260972;6652718;94;NA;
 2014;06;01;1;18703;260936;6652754;96;NA;
 2014;06;01;1;18815;258620;6648705;15;13.5;
 2014;06;01;1;18840;258830;6652008;50;NA;
 2014;06;01;1;18920;260164;6654412;240;NA;
 2014;06;01;1;18950;258447;6657618;514;9.5;
 2014;06;01;1;18980;256024;6650584;39;NA;
 2014;06;01;1;2970;359219;6682246;273;NA;
 2014;06;01;1;5495;336721;6666400;185;NA;
 2014;06;01;1;5590;334039;6676368;148;10;
 2014;06;01;1;5660;339038;6683214;150;8.5;
 2014;06;01;1;12123;289037;6746076;128;NA;
 2014;06;01;1;12180;293433;6746801;182;7.8;
 2014;06;01;1;12290;287708;6746937;132;8;
 2014;06;01;1;12291;288472;6747315;125;NA;
 2014;06;01;1;12320;286299;6748919;221;8;
 2014;06;01;1;12520;280061;6746261;205;NA;
 2014;06;01;1;12550;271629;6744837;128;5.8;
 2014;06;01;1;12580;272099;6760666;230;NA;
 2014;06;01;1;12590;265532;6762512;20;NA;
 2014;06;01;1;12595;266789;6764105;162;NA;
 2014;06;01;1;12600;266067;6765269;161;NA;
 2014;06;01;1;12800;266802;6783171;520;NA;
 2014;06;01;1;6690;305455;6752866;270;NA;
 2014;06;01;1;12050;297562;6726329;160;NA;
 2014;06;01;1;5330;311904;6696171;135;NA;
 2014;06;01;1;5350;310326;6699612;147;NA;
 2014;06;01;1;5680;336984;6696476;170;NA;
 2014;06;01;1;5710;336996;6707405;154;NA;
 2014;06;01;1;6020;336500;6723521;185;7.7;
 2014;06;01;1;6160;336813;6716268;155;NA;
 2014;06;01;1;6440;356353;6731414;276;NA;
 2014;06;01;1;6580;323585;6739571;160;NA;
 2014;06;01;1;6700;309978;6763122;200;NA;
 2014;06;01;1;60;367134;6827504;564;NA;
 2014;06;01;1;90;341871;6779534;575;NA;
 2014;06;01;1;100;365592;6780378;333;NA;
 2014;06;01;1;120;376376;6789213;580;NA;
 2014;06;01;1;180;353846;6798632;360;2.1;
 2014;06;01;1;250;360111;6812248;664;NA;
 2014;06;01;1;6840;304128;6781767;230;NA;
 2014;06;01;1;7420;312963;6809720;872;0.8;
 2014;06;01;1;7940;304089;6784950;260;NA;
 2014;06;01;1;7950;304913;6788900;255;2.6;
 2014;06;01;1;8140;290930;6816467;257;3.1;
 2014;06;01;1;8230;287909;6833310;283;NA;
 2014;06;01;1;8300;277494;6847213;640;3;
 2014;06;01;1;8450;262866;6859109;535;NA;
 2014;06;01;1;8720;244691;6871508;749;NA;
 2014;06;01;1;7660;299289;6846172;260;NA;
 2014;06;01;1;7920;293189;6892539;525;NA;
 2014;06;01;1;8800;284912;6865860;387;NA;
 2014;06;01;1;420;341102;6842724;481;NA;
 2014;06;01;1;610;333728;6860778;690;NA;
 2014;06;01;1;670;341709;6860075;754;NA;
 2014;06;01;1;700;344849;6865141;672;1.7;
 2014;06;01;1;725;350220;6886606;826;NA;
 2014;06;01;1;730;352289;6885846;794;NA;
 2014;06;01;1;770;315502;6901961;713;NA;
 2014;06;01;1;9580;278547;6911509;482;6.1;
 2014;06;01;1;9870;264089;6930902;700;NA;
 2014;06;01;1;66810;251849;6958067;525;NA;
 2014;06;01;1;66850;257321;6949499;549;NA;
 2014;06;01;1;66860;257367;6948165;545;NA;
 2014;06;01;1;66890;271903;6946370;900;NA;
 2014;06;01;1;66900;262594;6935714;695;NA;
 2014;06;01;1;66990;251224;6939196;860;NA;
 2014;06;01;1;8880;271889;6894056;478;8.4;
 2014;06;01;1;9400;271878;6901844;480;NA;
 2014;06;01;1;8770;239464;6881084;731;NA;
 2014;06;01;1;8780;238404;6885415;780;-2.3;
 2014;06;01;1;8970;258021;6908692;746;NA;
 2014;06;01;1;9160;239125;6898544;694;-1.5;
 2014;06;01;1;810;330443;6909388;687;NA;
 2014;06;01;1;10070;302895;6935759;600;NA;
 2014;06;01;1;12666;254452;6783375;130;NA;
 2014;06;01;1;12680;256243;6781518;240;6.2;
 2014;06;01;1;13110;253250;6790354;205;NA;
 2014;06;01;1;11900;261537;6765437;190;NA;
 2014;06;01;1;9303;216008;6912008;1025;NA;
 2014;06;01;1;9310;216453;6910728;1012;0.3;
 2014;06;01;1;9380;207315;6919920;1475;NA;
 2014;06;01;1;16400;197420;6889604;560;NA;
 2014;06;01;1;16560;192773;6896126;638;2.7;
 2014;06;01;1;16610;202117;6899946;973;-0.1;
 2014;06;01;1;16611;202114;6899857;980;NA;
 2014;06;01;1;16620;212593;6906579;930;NA;
 2014;06;01;1;16790;182933;6900846;551;NA;
 2014;06;01;1;16845;171484;6906573;620;NA;
 2014;06;01;1;61630;147324;6921509;579;2.1;
 2014;06;01;1;15480;156873;6877835;374;NA;
 2014;06;01;1;15660;141612;6882059;432;NA;
 2014;06;01;1;15730;127148;6882990;664;NA;
 2014;06;01;1;15890;116537;6897707;872;-2;
 2014;06;01;1;15950;102349;6898710;930;NA;
 2014;06;01;1;15270;149452;6856140;1894;1.5;
 2014;06;01;1;15430;143377;6861613;701;NA;
 2014;06;01;1;15460;138201;6845720;1800;-6.8;
 2014;06;01;1;55290;128529;6845686;1413;-0.2;
 2014;06;01;1;14550;185699;6880065;823;NA;
 2014;06;01;1;14711;184836;6867936;811;NA;
 2014;06;01;1;13640;202518;6832880;630;NA;
 2014;06;01;1;13655;202568;6834700;928;1.8;
 2014;06;01;1;14050;212081;6850107;330;NA;
 2014;06;01;1;14200;191350;6857396;599;-0.7;
 2014;06;01;1;16040;212253;6861563;309;NA;
 2014;06;01;1;16265;206581;6873249;380;NA;
 2014;06;01;1;16271;210059;6874070;940;-0.4;
 2014;06;01;1;13700;208859;6821507;752;NA;
 2014;06;01;1;13140;243765;6823114;187;NA;
 2014;06;01;1;13150;243512;6822943;200;7.3;
 2014;06;01;1;13160;240507;6824262;1030;3.3;
 2014;06;01;1;13310;250172;6823328;770;NA;
 2014;06;01;1;13390;238235;6831700;185;NA;
 2014;06;01;1;13420;241030;6845074;930;1;
 2014;06;01;1;13450;234069;6847059;666;NA;
 2014;06;01;1;13125;247535;6803814;200;NA;
 2014;06;01;1;13030;245538;6797052;375;6.9;
 2014;06;01;1;13060;241348;6802780;575;NA;
 2014;06;01;1;11500;274598;6736485;264;7.7;
 2014;06;01;1;11690;260935;6727575;410;NA;
 2014;06;01;1;11710;261327;6725617;406;NA;
 2014;06;01;1;4543;262609;6676589;235;NA;
 2014;06;01;1;4590;264890;6689676;415;NA;
 2014;06;01;1;20470;252900;6691218;385;NA;
 2014;06;01;1;20520;255525;6692471;372;NA;
 2014;06;01;1;11340;260439;6709993;620;NA;
 2014;06;01;1;20540;255092;6699292;245;6.6;
 2014;06;01;1;21680;231132;6765682;542;2.1;
 2014;06;01;1;22690;220912;6732644;170;NA;
 2014;06;01;1;22730;211439;6732019;474;NA;
 2014;06;01;1;22790;213236;6737020;172;NA;
 2014;06;01;1;22840;200709;6756944;628;NA;
 2014;06;01;1;22990;193380;6770844;425;NA;
 2014;06;01;1;23160;190612;6767145;639;NA;
 2014;06;01;1;23410;191717;6777660;822;3.4;
 2014;06;01;1;23420;187670;6774176;358;6.7;
 2014;06;01;1;13750;174465;6824633;1088;-1.4;
 2014;06;01;1;23500;180431;6790894;521;4.6;
 2014;06;01;1;23550;174233;6805891;965;6.1;
 2014;06;01;1;23560;170565;6805395;754;NA;
 2014;06;01;1;23720;153920;6793633;489;NA;
 2014;06;01;1;54710;130049;6802130;956;-1.7;
 2014;06;01;1;54731;132206;6801936;1010;1.8;
 2014;06;01;1;26594;230114;6631421;25;NA;
 2014;06;01;1;26852;231841;6633073;65;NA;
 2014;06;01;1;26862;231025;6632618;15;NA;
 2014;06;01;1;26864;230122;6633309;25;NA;
 2014;06;01;1;26872;228770;6633721;25;NA;
 2014;06;01;1;26898;226970;6634020;15;NA;
 2014;06;01;1;26900;226155;6634058;8;9.2;
 2014;06;01;1;26932;231116;6630052;100;NA;
 2014;06;01;1;26934;233957;6628742;5;NA;
 2014;06;01;1;27010;227074;6629441;193;6.8;
 2014;06;01;1;27015;227119;6630131;230;NA;
 2014;06;01;1;28380;197738;6621832;170;8.7;
 2014;06;01;1;28450;187302;6621182;390;NA;
 2014;06;01;1;20250;238571;6672842;66;NA;
 2014;06;01;1;20280;237229;6676458;126;11.1;
 2014;06;01;1;20301;236419;6679445;140;10.9;
 2014;06;01;1;20361;240243;6683495;190;NA;
 2014;06;01;1;24210;219219;6688754;140;NA;
 2014;06;01;1;24230;214362;6687364;210;NA;
 2014;06;01;1;24350;224449;6667505;135;NA;
 2014;06;01;1;19663;240132;6656551;340;NA;
 2014;06;01;1;24710;202790;6706244;142;8.1;
 2014;06;01;1;26450;179586;6706399;890;NA;
 2014;06;01;1;24890;178700;6728926;166;8.3;
 2014;06;01;1;23300;180071;6756436;830;NA;
 2014;06;01;1;24960;170084;6746765;542;NA;
 2014;06;01;1;25100;148951;6765686;648;NA;
 2014;06;01;1;25110;152274;6763621;604;3.5;
 2014;06;01;1;25112;148358;6765767;807;5.5;
 2014;06;01;1;25165;130005;6779438;1130;NA;
 2014;06;01;1;25260;133222;6745768;863;NA;
 2014;06;01;1;25320;148177;6739847;720;NA;
 2014;06;01;1;25540;118682;6747270;969;NA;
 2014;06;01;1;25541;118302;6747524;1020;2.4;
 2014;06;01;1;25580;134476;6734874;670;NA;
 2014;06;01;1;25630;126964;6729759;772;2.9;
 2014;06;01;1;25640;124444;6730246;841;NA;
 2014;06;01;1;29720;143875;6715578;798;-0.6;
 2014;06;01;1;26350;191325;6679530;143;5.5;
 2014;06;01;1;26380;187156;6692397;293;NA;
 2014;06;01;1;24600;200038;6678950;367;NA;
 2014;06;01;1;24670;206565;6693129;150;NA;
 2014;06;01;1;19930;223328;6647088;375;NA;
 2014;06;01;1;26650;210274;6627894;80;NA;
 2014;06;01;1;26670;215515;6620491;21;NA;
 2014;06;01;1;26810;214607;6636615;7;11.4;
 2014;06;01;1;26820;213236;6635882;15;8.5;
 2014;06;01;1;19923;238240;6640483;250;NA;
 2014;06;01;1;19940;234131;6637557;39;8.2;
 2014;06;01;1;19960;236148;6649638;170;NA;
 2014;06;01;1;19970;235898;6649522;170;NA;
 2014;06;01;1;19820;249942;6618251;363;NA;
 2014;06;01;1;28750;186626;6650029;183;NA;
 2014;06;01;1;28922;174236;6670691;275;8.9;
 2014;06;01;1;29350;151980;6696433;648;4.3;
 2014;06;01;1;29600;156682;6719278;870;NA;
 2014;06;01;1;29700;141305;6710788;1035;NA;
 2014;06;01;1;27130;240402;6597095;40;NA;
 2014;06;01;1;27140;241220;6595340;12;NA;
 2014;06;01;1;27065;232272;6608726;25;NA;
 2014;06;01;1;27270;239763;6579935;3;NA;
 2014;06;01;1;27285;236865;6584637;30;NA;
 2014;06;01;1;27330;232325;6582219;33;8.8;
 2014;06;01;1;27470;229013;6570241;88;NA;
 2014;06;01;1;27480;230021;6568359;50;NA;
 2014;06;01;1;27564;225728;6566677;72;NA;
 2014;06;01;1;27600;226277;6564571;6;NA;
 2014;06;01;1;27730;226284;6570247;100;NA;
 2014;06;01;1;27780;220458;6555460;19;9.1;
 2014;06;01;1;27785;219874;6562242;70;NA;
 2014;06;01;1;27800;212498;6572740;31;NA;
 2014;06;01;1;27860;213780;6575360;50;NA;
 2014;06;01;1;29950;221146;6546705;15;14.4;
 2014;06;01;1;30000;214909;6556574;28;NA;
 2014;06;01;1;30020;216114;6559145;55;NA;
 2014;06;01;1;30242;208445;6550333;10;NA;
 2014;06;01;1;30244;209110;6559214;70;NA;
 2014;06;01;1;30246;210116;6558221;65;NA;
 2014;06;01;1;26950;240754;6616141;4;11.7;
 2014;06;01;1;26970;239836;6622885;7;NA;
 2014;06;01;1;26980;239663;6610798;49;NA;
 2014;06;01;1;26990;230197;6618742;60;13.7;
 2014;06;01;1;26996;224243;6622307;437;NA;
 2014;06;01;1;26750;221044;6613926;45;NA;
 2014;06;01;1;27301;230080;6589351;30;NA;
 2014;06;01;1;27315;229685;6592128;39;8.3;
 2014;06;01;1;27320;237575;6588521;55;NA;
 2014;06;01;1;27295;226672;6583729;20;NA;
 2014;06;01;1;27450;234673;6574925;26;10;
 2014;06;01;1;27770;226711;6580541;90;NA;
 2014;06;01;1;27460;238031;6574055;20;NA;
 2014;06;01;1;27500;243181;6551688;6;14.8;
 2014;06;01;1;30247;200655;6562976;130;NA;
 2014;06;01;1;30255;194224;6562424;100;10.4;
 2014;06;01;1;30260;192727;6566124;12;NA;
 2014;06;01;1;30280;185832;6566966;10;NA;
 2014;06;01;1;30305;195839;6579909;280;NA;
 2014;06;01;1;30320;191170;6574772;13;NA;
 2014;06;01;1;30330;190719;6577896;41;6.6;
 2014;06;01;1;30380;190337;6603544;475;NA;
 2014;06;01;1;30420;189726;6573112;136;10.3;
 2014;06;01;1;30428;188241;6573479;20;NA;
 2014;06;01;1;32780;172254;6570226;113;NA;
 2014;06;01;1;30530;176186;6617384;34;NA;
 2014;06;01;1;30650;173133;6617414;20;8.1;
 2014;06;01;1;31700;160237;6652563;200;NA;
 2014;06;01;1;34095;190199;6550524;50;NA;
 2014;06;01;1;34100;186106;6549907;70;NA;
 2014;06;01;1;34130;187214;6536763;5;11.2;
 2014;06;01;1;34370;174058;6547165;60;NA;
 2014;06;01;1;34620;159372;6567227;106;NA;
 2014;06;01;1;34800;144185;6573175;235;NA;
 2014;06;01;1;34900;145079;6586141;464;NA;
 2014;06;01;1;32490;174367;6585085;83;NA;
 2014;06;01;1;32540;174247;6584424;50;NA;
 2014;06;01;1;32220;159700;6611391;1102;8.6;
 2014;06;01;1;32240;161394;6601753;105;6.4;
 2014;06;01;1;32060;171474;6596908;93;9.3;
 2014;06;01;1;32061;171417;6596913;94;8.9;
 2014;06;01;1;30860;167727;6653651;514;NA;
 2014;06;01;1;31080;150512;6682489;762;NA;
 2014;06;01;1;31410;145802;6655007;258;NA;
 2014;06;01;1;31500;127307;6650719;870;NA;
 2014;06;01;1;31520;125702;6652036;953;NA;
 2014;06;01;1;31970;144914;6651697;1804;4.5;
 2014;06;01;1;31850;145501;6624034;162;NA;
 2014;06;01;1;31855;138109;6622950;335;NA;
 2014;06;01;1;31900;152335;6639408;464;NA;
 2014;06;01;1;32290;140405;6611770;125;NA;
 2014;06;01;1;32350;127062;6630821;567;NA;
 2014;06;01;1;32850;129818;6603419;77;NA;
 2014;06;01;1;37150;136295;6563178;570;8.4;
 2014;06;01;1;37230;128286;6560969;252;7;
 2014;06;01;1;37500;110700;6596199;532;NA;
 2014;06;01;1;37650;114072;6560564;287;NA;
 2014;06;01;1;37740;102466;6578862;295;NA;
 2014;06;01;1;37820;105518;6582885;315;NA;
 2014;06;01;1;32890;115363;6615099;560;4.4;
 2014;06;01;1;37570;93072;6604324;740;NA;
 2014;06;01;1;31570;115480;6650753;946;NA;
 2014;06;01;1;31620;118161;6653245;977;5.1;
 2014;06;01;1;31660;105424;6674594;954;NA;
 2014;06;01;1;33250;108354;6639239;715;NA;
 2014;06;01;1;33555;96197;6630956;490;NA;
 2014;06;01;1;33890;71781;6650079;821;1.4;
 2014;06;01;1;33950;63934;6656121;990;NA;
 2014;06;01;1;35340;164918;6523162;36;NA;
 2014;06;01;1;38140;121120;6484824;6;8.1;
 2014;06;01;1;38150;117120;6480371;70;NA;
 2014;06;01;1;36010;142121;6509033;60;NA;
 2014;06;01;1;36110;134076;6497181;50;NA;
 2014;06;01;1;36140;138425;6494390;20;NA;
 2014;06;01;1;36200;137302;6489879;12;11.8;
 2014;06;01;1;35090;159269;6533226;42;NA;
 2014;06;01;1;35110;160982;6538370;85;NA;
 2014;06;01;1;35200;151483;6543093;240;NA;
 2014;06;01;1;35210;155795;6540958;32;7.9;
 2014;06;01;1;35860;160514;6514357;4;11.7;
 2014;06;01;1;36490;135150;6512247;63;NA;
 2014;06;01;1;38600;110741;6518688;245;NA;
 2014;06;01;1;38730;117761;6514368;162;6.3;
 2014;06;01;1;38735;117105;6514825;186;NA;
 2014;06;01;1;38250;99923;6471176;35;NA;
 2014;06;01;1;38380;95029;6508004;259;NA;
 2014;06;01;1;38421;108411;6495187;67;NA;
 2014;06;01;1;38450;113059;6506035;85;NA;
 2014;06;01;1;36560;130834;6519545;142;NA;
 2014;06;01;1;38800;108346;6536724;190;NA;
 2014;06;01;1;39750;83267;6527528;207;10.6;
 2014;06;01;1;40005;72786;6567076;235;NA;
 2014;06;01;1;40250;73711;6585940;308;6.7;
 2014;06;01;1;40420;65289;6604234;599;NA;
 2014;06;01;1;40510;38848;6605362;1105;3.2;
 2014;06;01;1;40880;70721;6628898;841;-1.1;
 2014;06;01;1;40905;75223;6635583;915;NA;
 2014;06;01;1;39010;93753;6464035;77;NA;
 2014;06;01;1;39030;94149;6469725;83;NA;
 2014;06;01;1;39040;93495;6471890;12;8.6;
 2014;06;01;1;39100;90655;6457951;9;11.9;
 2014;06;01;1;39150;91520;6466542;12;NA;
 2014;06;01;1;39160;89788;6469100;124;NA;
 2014;06;01;1;39165;88446;6467423;9;NA;
 2014;06;01;1;39200;88185;6466351;25;NA;
 2014;06;01;1;39201;84331;6462693;32;NA;
 2014;06;01;1;39210;86772;6466162;86;NA;
 2014;06;01;1;39212;84783;6466202;80;NA;
 2014;06;01;1;39220;82738;6474732;151;NA;
 2014;06;01;1;41005;65365;6462096;80;NA;
 2014;06;01;1;41090;54702;6456398;10;9.9;
 2014;06;01;1;42160;3874;6471931;14;9.5;
 2014;06;01;1;42650;11122;6490740;5;NA;
 2014;06;01;1;42700;11247;6500402;150;NA;
 2014;06;01;1;42720;13306;6504815;75;NA;
 2014;06;01;1;39450;79309;6485555;280;NA;
 2014;06;01;1;41200;66657;6488000;275;NA;
 2014;06;01;1;41480;59508;6522246;278;NA;
 2014;06;01;1;41550;58405;6541694;504;NA;
 2014;06;01;1;41670;53578;6483740;263;NA;
 2014;06;01;1;41770;30388;6454475;16;12;
 2014;06;01;1;41795;41546;6467597;150;NA;
 2014;06;01;1;41820;32207;6471324;4;NA;
 2014;06;01;1;41825;32416;6470332;6;8.3;
 2014;06;01;1;41990;26263;6481716;220;NA;
 2014;06;01;1;41840;42170;6495507;631;NA;
 2014;06;01;1;41860;30013;6483851;317;NA;
 2014;06;01;1;42490;39055;6512139;470;NA;
 2014;06;01;1;42520;33306;6530030;348;NA;
 2014;06;01;1;42810;19808;6532417;55;NA;
 2014;06;01;1;42940;34883;6559675;560;4.3;
 2014;06;01;1;42950;35679;6562108;582;NA;
 2014;06;01;1;44985;20534;6558107;660;NA;
 2014;06;01;1;43350;-31971;6513400;49;8.5;
 2014;06;01;1;43360;-24095;6514292;4;NA;
 2014;06;01;1;43520;6442;6529860;385;3.4;
 2014;06;01;1;44710;-33947;6564309;15;7.1;
 2014;06;01;1;44730;-31881;6561990;19;NA;
 2014;06;01;1;44760;-19365;6564699;2;NA;
 2014;06;01;1;44780;-20274;6560166;170;NA;
 2014;06;01;1;44800;-23374;6555436;230;NA;
 2014;06;01;1;44563;-38660;6573774;20;8.6;
 2014;06;01;1;44580;-35735;6571781;15;NA;
 2014;06;01;1;44620;-34266;6576009;30;NA;
 2014;06;01;1;44640;-32148;6572293;72;7.2;
 2014;06;01;1;44660;-32116;6576971;5;NA;
 2014;06;01;1;47350;-61414;6630865;25;9.2;
 2014;06;01;1;43090;-5308;6497421;136;NA;
 2014;06;01;1;43220;-14092;6504741;205;8.4;
 2014;06;01;1;43010;5784;6516490;65;4.9;
 2014;06;01;1;43530;-18251;6525635;120;9;
 2014;06;01;1;43895;-41234;6527677;10;NA;
 2014;06;01;1;44080;-46825;6540733;24;8.6;
 2014;06;01;1;44300;-39759;6551167;87;7.4;
 2014;06;01;1;44160;-41285;6543956;19;NA;
 2014;06;01;1;44190;-34980;6547733;135;NA;
 2014;06;01;1;43810;1539;6546031;311;NA;
 2014;06;01;1;44480;-21687;6540064;263;NA;
 2014;06;01;1;44485;-21528;6539941;230;8.1;
 2014;06;01;1;44520;-18967;6547677;288;NA;
 2014;06;01;1;44900;-15466;6555501;44;NA;
 2014;06;01;1;44970;-4994;6551751;65;10.2;
 2014;06;01;1;44545;-38452;6561985;30;8.2;
 2014;06;01;1;44550;-37155;6563642;33;NA;
 2014;06;01;1;44560;-38603;6564974;7;8.7;
 2014;06;01;1;44567;-35939;6576617;35;8.3;
 2014;06;01;1;45350;21656;6576186;5;11.4;
 2014;06;01;1;45460;-13048;6576153;10;8.5;
 2014;06;01;1;45530;-8384;6579640;300;7.6;
 2014;06;01;1;45600;-13762;6583329;64;NA;
 2014;06;01;1;45675;-3937;6590146;5;7.5;
 2014;06;01;1;45770;-4107;6599218;43;7.3;
 2014;06;01;1;45870;-11585;6592334;30;8.6;
 2014;06;01;1;46090;4938;6605251;30;9.3;
 2014;06;01;1;46130;3763;6621810;140;NA;
 2014;06;01;1;46150;6702;6625849;25;NA;
 2014;06;01;1;46300;38237;6634146;333;NA;
 2014;06;01;1;46400;39710;6640826;72;NA;
 2014;06;01;1;46610;13315;6643982;5;9.6;
 2014;06;01;1;46700;23394;6647008;255;NA;
 2014;06;01;1;44605;-32436;6590951;30;9;
 2014;06;01;1;44610;-48497;6587410;21;9;
 2014;06;01;1;47055;-40541;6611667;40;6.5;
 2014;06;01;1;47060;-40871;6625547;30;8.2;
 2014;06;01;1;47220;-59554;6602476;35;8.5;
 2014;06;01;1;47240;-53742;6610633;19;NA;
 2014;06;01;1;47260;-56129;6620071;24;9.2;
 2014;06;01;1;47270;-49753;6615751;8;NA;
 2014;06;01;1;47300;-75231;6618073;55;9.1;
 2014;06;01;1;46850;-7943;6636462;159;NA;
 2014;06;01;1;46930;-24356;6631621;20;5.5;
 2014;06;01;1;47090;-29539;6633550;5;NA;
 2014;06;01;1;47480;-24182;6640296;50;4.9;
 2014;06;01;1;50415;-23479;6726664;300;NA;
 2014;06;01;1;50450;-33597;6721033;54;NA;
 2014;06;01;1;50480;-36069;6723546;45;NA;
 2014;06;01;1;50485;-31614;6733223;12;NA;
 2014;06;01;1;50500;-39037;6723695;48;8.4;
 2014;06;01;1;50505;-30177;6728707;230;4.3;
 2014;06;01;1;50506;-31858;6729836;15;9.2;
 2014;06;01;1;50507;-34361;6727721;90;8.6;
 2014;06;01;1;50540;-31673;6733198;12;9.8;
 2014;06;01;1;50770;-27330;6741391;80;3.6;
 2014;06;01;1;50830;-24032;6736400;20;NA;
 2014;06;01;1;50850;-25592;6729366;80;6.2;
 2014;06;01;1;52452;-32968;6749153;20;8.8;
 2014;06;01;1;47498;-8664;6648592;8;NA;
 2014;06;01;1;47500;-7973;6648756;35;NA;
 2014;06;01;1;47600;-2371;6647924;83;NA;
 2014;06;01;1;47610;-1589;6644605;568;NA;
 2014;06;01;1;47820;12418;6667939;178;NA;
 2014;06;01;1;47445;-35518;6648147;50;8.2;
 2014;06;01;1;47450;-37938;6651682;36;NA;
 2014;06;01;1;48061;-49342;6669644;13;NA;
 2014;06;01;1;48290;-53809;6676611;104;NA;
 2014;06;01;1;48330;-54107;6682908;25;9.2;
 2014;06;01;1;48069;-39601;6661412;20;NA;
 2014;06;01;1;48070;-38167;6662253;20;9.6;
 2014;06;01;1;48120;-40855;6667933;49;8.4;
 2014;06;01;1;48170;-30732;6679940;60;8.4;
 2014;06;01;1;47855;-77;6659258;190;NA;
 2014;06;01;1;47890;-2184;6669759;38;NA;
 2014;06;01;1;48450;-15831;6672350;13;NA;
 2014;06;01;1;48500;233;6684413;51;NA;
 2014;06;01;1;48780;19297;6697762;33;NA;
 2014;06;01;1;50150;-5541;6690981;45;NA;
 2014;06;01;1;49080;24490;6713670;342;NA;
 2014;06;01;1;49087;26021;6706520;1390;NA;
 2014;06;01;1;33990;57350;6661178;990;NA;
 2014;06;01;1;46430;37342;6661578;1010;6.4;
 2014;06;01;1;46432;36163;6662199;1370;5.3;
 2014;06;01;1;46450;42392;6660824;393;NA;
 2014;06;01;1;46510;51377;6660821;1079;4.3;
 2014;06;01;1;49240;30651;6675619;205;NA;
 2014;06;01;1;49351;31616;6694983;32;NA;
 2014;06;01;1;49090;36010;6729152;18;NA;
 2014;06;01;1;49120;39928;6722277;40;NA;
 2014;06;01;1;49160;34292;6709546;19;NA;
 2014;06;01;1;49480;37033;6708755;105;NA;
 2014;06;01;1;49490;39785;6716081;12;11.1;
 2014;06;01;1;49970;47101;6731215;34;NA;
 2014;06;01;1;29400;83509;6695588;1250;0.1;
 2014;06;01;1;29900;90857;6716599;1250;2.5;
 2014;06;01;1;49631;64537;6729452;20;NA;
 2014;06;01;1;49800;75367;6721839;735;4.5;
 2014;06;01;1;49860;86642;6716124;1243;NA;
 2014;06;01;1;25830;91443;6740648;1210;-1.1;
 2014;06;01;1;49910;58449;6741331;42;11.5;
 2014;06;01;1;49955;56820;6736133;9;NA;
 2014;06;01;1;53530;78375;6749336;1162;4;
 2014;06;01;1;51250;7613;6762072;316;NA;
 2014;06;01;1;51440;14896;6756368;17;7.7;
 2014;06;01;1;51460;19804;6754722;45;5.3;
 2014;06;01;1;51470;20933;6755381;328;7.5;
 2014;06;01;1;51530;31735;6751635;54;7.3;
 2014;06;01;1;51610;32514;6753651;77;NA;
 2014;06;01;1;51800;60606;6756645;695;3.2;
 2014;06;01;1;51940;38050;6768885;215;3.4;
 2014;06;01;1;51980;37392;6777396;853;NA;
 2014;06;01;1;51990;37781;6777930;700;5.8;
 2014;06;01;1;53160;51827;6780047;614;NA;
 2014;06;01;1;50070;19548;6723146;49;11.2;
 2014;06;01;1;50080;15362;6726097;108;NA;
 2014;06;01;1;50110;16125;6721182;13;13.9;
 2014;06;01;1;50120;5369;6715696;16;NA;
 2014;06;01;1;50310;2979;6728880;455;5.4;
 2014;06;01;1;50311;3117;6728748;448;3.9;
 2014;06;01;1;50351;296;6737746;367;NA;
 2014;06;01;1;50360;-14053;6732349;250;7.8;
 2014;06;01;1;50175;-44683;6693743;32;8.5;
 2014;06;01;1;50514;-46751;6728148;72;NA;
 2014;06;01;1;50515;-44614;6727711;335;NA;
 2014;06;01;1;50525;-40983;6733425;30;NA;
 2014;06;01;1;52458;-39032;6740885;17;NA;
 2014;06;01;1;52463;-37929;6735656;25;NA;
 2014;06;01;1;51010;-8075;6745299;10;9.4;
 2014;06;01;1;52170;19217;6773343;450;NA;
 2014;06;01;1;52220;25964;6775373;579;NA;
 2014;06;01;1;52310;10650;6780541;125;5.8;
 2014;06;01;1;52320;11952;6788345;125;NA;
 2014;06;01;1;52475;-53171;6753224;30;NA;
 2014;06;01;1;52360;-9240;6776054;325;NA;
 2014;06;01;1;52390;-20113;6758945;100;4.6;
 2014;06;01;1;52400;-25127;6759343;72;NA;
 2014;06;01;1;52415;-32075;6769282;50;7.5;
 2014;06;01;1;52555;-41744;6781039;25;5.8;
 2014;06;01;1;52535;-58261;6782166;19;8.7;
 2014;06;01;1;52601;-10738;6781147;325;NA;
 2014;06;01;1;52750;-30647;6785388;13;NA;
 2014;06;01;1;57630;5344;6861235;190;4.2;
 2014;06;01;1;57710;-27967;6868308;9;8.2;
 2014;06;01;1;57770;-46386;6869906;26;9.4;
 2014;06;01;1;52860;-18487;6804024;38;6.4;
 2014;06;01;1;52930;-17264;6796082;240;NA;
 2014;06;01;1;52940;-13580;6793564;220;3.9;
 2014;06;01;1;56400;-57006;6807665;3;NA;
 2014;06;01;1;52970;10277;6804223;4;NA;
 2014;06;01;1;52990;23431;6807253;4;NA;
 2014;06;01;1;56010;21088;6819875;5;NA;
 2014;06;01;1;56320;-8230;6812116;31;NA;
 2014;06;01;1;53010;41018;6789186;910;4.8;
 2014;06;01;1;53070;46583;6800129;65;NA;
 2014;06;01;1;53101;51430;6810717;49;11.2;
 2014;06;01;1;53130;65482;6797282;32;NA;
 2014;06;01;1;55928;45631;6814914;15;10.1;
 2014;06;01;1;55930;45803;6814982;14;NA;
 2014;06;01;1;55970;27973;6812925;20;NA;
 2014;06;01;1;55770;63141;6810063;45;11.3;
 2014;06;01;1;55700;77780;6805809;497;6.1;
 2014;06;01;1;55701;76787;6807616;1150;NA;
 2014;06;01;1;55705;82028;6810211;170;5.7;
 2014;06;01;1;55730;69089;6826760;421;NA;
 2014;06;01;1;55735;66122;6828537;521;4.5;
 2014;06;01;1;55760;66840;6807351;50;NA;
 2014;06;01;1;55820;61324;6837695;3;4.3;
 2014;06;01;1;53280;71833;6773132;15;8.1;
 2014;06;01;1;53480;75561;6756741;960;2.5;
 2014;06;01;1;53700;77636;6777178;15;NA;
 2014;06;01;1;53990;95740;6756929;1160;0.5;
 2014;06;01;1;54110;96426;6797459;2;7.6;
 2014;06;01;1;54180;99027;6791679;50;NA;
 2014;06;01;1;54190;100729;6790845;90;NA;
 2014;06;01;1;54320;112907;6790604;407;NA;
 2014;06;01;1;54330;114669;6792734;410;5.6;
 2014;06;01;1;54420;126892;6783245;1124;NA;
 2014;06;01;1;54590;124041;6794264;742;NA;
 2014;06;01;1;54600;125135;6794944;806;NA;
 2014;06;01;1;54740;103897;6806153;35;NA;
 2014;06;01;1;54770;112652;6814592;50;8.7;
 2014;06;01;1;54780;115926;6818641;28;NA;
 2014;06;01;1;54815;132573;6812712;1080;-0.1;
 2014;06;01;1;55230;123069;6840790;2062;-7.5;
 2014;06;01;1;55300;106939;6840391;17;NA;
 2014;06;01;1;55360;95000;6831547;80;NA;
 2014;06;01;1;55520;86728;6825759;249;NA;
 2014;06;01;1;55550;82110;6820409;246;NA;
 2014;06;01;1;55670;76392;6841999;172;NA;
 2014;06;01;1;56420;-32044;6836094;7;6.4;
 2014;06;01;1;56520;-12309;6826245;85;NA;
 2014;06;01;1;56250;9571;6829876;140;3.1;
 2014;06;01;1;56780;5047;6836309;47;NA;
 2014;06;01;1;56850;29847;6830897;243;NA;
 2014;06;01;1;57000;7566;6841310;321;6;
 2014;06;01;1;57365;28880;6850926;210;6.7;
 2014;06;01;1;57380;56956;6848667;346;NA;
 2014;06;01;1;57390;48802;6856080;205;NA;
 2014;06;01;1;56960;40465;6839926;329;NA;
 2014;06;01;1;57420;17903;6848174;64;NA;
 2014;06;01;1;57480;25608;6855007;237;NA;
 2014;06;01;1;57790;-17258;6877476;715;NA;
 2014;06;01;1;57810;-10605;6886856;16;7.6;
 2014;06;01;1;57850;3778;6899165;78;NA;
 2014;06;01;1;57940;9705;6890780;24;NA;
 2014;06;01;1;59110;-22419;6918439;75;9;
 2014;06;01;1;59250;-17733;6913696;3;NA;
 2014;06;01;1;59450;-8699;6929169;75;NA;
 2014;06;01;1;59500;-12493;6934284;496;NA;
 2014;06;01;1;58780;30341;6897530;34;NA;
 2014;06;01;1;58960;63550;6902702;349;NA;
 2014;06;01;1;57660;14489;6868592;170;NA;
 2014;06;01;1;57990;21634;6869602;230;NA;
 2014;06;01;1;58030;23039;6879658;7;NA;
 2014;06;01;1;58070;36040;6882109;51;NA;
 2014;06;01;1;58090;34891;6883427;25;NA;
 2014;06;01;1;58100;32510;6887250;60;7.8;
 2014;06;01;1;58110;35208;6886822;330;NA;
 2014;06;01;1;58320;57189;6870277;315;NA;
 2014;06;01;1;58350;52532;6877508;635;5.5;
 2014;06;01;1;58390;58451;6884695;70;NA;
 2014;06;01;1;58480;67240;6866961;40;NA;
 2014;06;01;1;58533;68798;6887281;60;NA;
 2014;06;01;1;58705;98716;6896589;1400;NA;
 2014;06;01;1;58710;97979;6897992;943;NA;
 2014;06;01;1;58900;57532;6893621;208;4.1;
 2014;06;01;1;58910;58784;6893041;220;4.6;
 2014;06;01;1;62160;128370;6984961;20;NA;
 2014;06;01;1;62200;123817;6988010;210;NA;
 2014;06;01;1;62240;111037;6981957;15;NA;
 2014;06;01;1;62270;105311;6980846;3;9.2;
 2014;06;01;1;60850;58566;6951608;1;8.7;
 2014;06;01;1;60890;57465;6955553;33;9.6;
 2014;06;01;1;60930;57056;6957557;18;10.8;
 2014;06;01;1;60945;47780;6957418;15;9.4;
 2014;06;01;1;60947;46945;6957533;10;NA;
 2014;06;01;1;64200;140655;7012888;38;NA;
 2014;06;01;1;64242;136827;7015529;40;NA;
 2014;06;01;1;64300;132627;7020442;39;NA;
 2014;06;01;1;64320;133940;7020360;4;NA;
 2014;06;01;1;64330;138026;7018044;62;7.6;
 2014;06;01;1;59610;9612;6921392;41;NA;
 2014;06;01;1;59800;-2838;6948828;38;9.4;
 2014;06;01;1;59586;30661;6945876;130;NA;
 2014;06;01;1;69661;52046;6908179;80;NA;
 2014;06;01;1;59680;36668;6926333;74;9.1;
 2014;06;01;1;59681;32731;6927840;7;NA;
 2014;06;01;1;59695;47058;6922540;690;NA;
 2014;06;01;1;59860;33453;6936819;20;NA;
 2014;06;01;1;59900;56900;6926031;21;NA;
 2014;06;01;1;60810;82285;6957992;625;5.1;
 2014;06;01;1;60400;97570;6925281;28;NA;
 2014;06;01;1;60500;106728;6922919;11;6.5;
 2014;06;01;1;60610;103805;6909530;985;NA;
 2014;06;01;1;60620;112381;6932787;312;NA;
 2014;06;01;1;60640;98860;6931332;2;NA;
 2014;06;01;1;60650;96921;6930576;34;7.9;
 2014;06;01;1;60190;78180;6934957;1050;NA;
 2014;06;01;1;60240;84027;6921226;900;4.1;
 2014;06;01;1;60247;68020;6904906;391;NA;
 2014;06;01;1;60670;89685;6935993;318;NA;
 2014;06;01;1;60835;70241;6955813;20;NA;
 2014;06;01;1;60880;61373;6957093;70;NA;
 2014;06;01;1;60990;44276;6968207;22;9.2;
 2014;06;01;1;61040;55277;6971207;13;NA;
 2014;06;01;1;61060;78251;6973747;43;8.4;
 2014;06;01;1;61070;86475;6959343;305;NA;
 2014;06;01;1;61340;123889;6958435;4;6;
 2014;06;01;1;61408;127510;6949544;55;NA;
 2014;06;01;1;61410;127561;6945799;1294;1.4;
 2014;06;01;1;61420;131438;6944186;67;4.9;
 2014;06;01;1;61580;143897;6925913;450;NA;
 2014;06;01;1;61820;147297;6966979;14;NA;
 2014;06;01;1;63000;151953;6981765;37;NA;
 2014;06;01;1;62480;70245;6998192;13;9;
 2014;06;01;1;62700;106598;6999175;80;NA;
 2014;06;01;1;62900;113796;6996377;49;NA;
 2014;06;01;1;64460;157763;7001155;12;NA;
 2014;06;01;1;64510;154319;6994260;23;6.3;
 2014;06;01;1;63100;163652;6967731;47;NA;
 2014;06;01;1;63420;170518;6965858;10;6.3;
 2014;06;01;1;63530;190156;6945406;698;NA;
 2014;06;01;1;64700;182072;6969987;405;NA;
 2014;06;01;1;64760;180580;6999577;5;8.1;
 2014;06;01;1;64870;201350;7004834;410;4.6;
 2014;06;01;1;64590;219368;7008584;295;NA;
 2014;06;01;1;64900;207926;7002969;228;NA;
 2014;06;01;1;64940;216457;7009633;295;NA;
 2014;06;01;1;65310;149612;7062644;5;8.8;
 2014;06;01;1;65370;154186;7051106;30;NA;
 2014;06;01;1;67140;264731;7032141;44;7.8;
 2014;06;01;1;67150;263451;7030860;13;NA;
 2014;06;01;1;67153;265645;7030218;40;NA;
 2014;06;01;1;68050;272814;7043025;13;8.8;
 2014;06;01;1;68120;268030;7034415;135;7.3;
 2014;06;01;1;68125;268017;7041068;156;7;
 2014;06;01;1;68135;270274;7040759;20;NA;
 2014;06;01;1;68175;272337;7039136;120;NA;
 2014;06;01;1;68230;271467;7038181;84;NA;
 2014;06;01;1;68238;268399;7032712;140;NA;
 2014;06;01;1;68860;273107;7039405;127;7.5;
 2014;06;01;1;68863;273092;7039406;127;NA;
 2014;06;01;1;69020;277200;7040692;23;8.5;
 2014;06;01;1;65230;199708;7028736;45;NA;
 2014;06;01;1;65270;216283;7023744;306;NA;
 2014;06;01;1;65451;207398;7056856;13;7.8;
 2014;06;01;1;65530;204827;7061049;74;NA;
 2014;06;01;1;65940;179119;7096378;5;8.2;
 2014;06;01;1;71850;228361;7128241;16;7.6;
 2014;06;01;1;71530;233915;7075427;10;NA;
 2014;06;01;1;71550;233846;7075320;10;8;
 2014;06;01;1;71320;250555;7060674;23;7.5;
 2014;06;01;1;71370;261596;7066186;158;NA;
 2014;06;01;1;71380;262979;7071427;616;NA;
 2014;06;01;1;71740;272706;7097485;89;NA;
 2014;06;01;1;71750;275226;7095927;94;NA;
 2014;06;01;1;71780;266287;7102164;30;7.6;
 2014;06;01;1;71805;282006;7115509;265;NA;
 2014;06;01;1;71810;282249;7115838;280;NA;
 2014;06;01;1;71900;273529;7132620;12;NA;
 2014;06;01;1;71910;277449;7128913;391;NA;
 2014;06;01;1;71990;281032;7149571;18;8.4;
 2014;06;01;1;63580;203037;6962288;596;NA;
 2014;06;01;1;63583;198295;6964871;647;NA;
 2014;06;01;1;63595;199021;6951498;212;NA;
 2014;06;01;1;63705;226433;6952819;604;4.6;
 2014;06;01;1;63725;229206;6952187;555;NA;
 2014;06;01;1;63750;225091;6949517;512;NA;
 2014;06;01;1;63820;220664;6935732;680;NA;
 2014;06;01;1;63850;220812;6957207;690;NA;
 2014;06;01;1;63940;219330;6916753;940;NA;
 2014;06;01;1;66560;230120;6977455;660;NA;
 2014;06;01;1;66620;237392;6980980;223;NA;
 2014;06;01;1;66630;237801;6982323;220;NA;
 2014;06;01;1;66720;246438;6976820;440;NA;
 2014;06;01;1;66740;243983;6967840;425;NA;
 2014;06;01;1;67340;246807;6979934;425;NA;
 2014;06;01;1;66230;239093;7011977;240;NA;
 2014;06;01;1;65275;218090;7023339;350;NA;
 2014;06;01;1;66070;235927;7029219;84;NA;
 2014;06;01;1;66120;228039;7031580;310;NA;
 2014;06;01;1;66150;242139;7031085;4;8.5;
 2014;06;01;1;66175;237036;7022034;15;NA;
 2014;06;01;1;10300;333751;6930668;650;NA;
 2014;06;01;1;10380;312616;6943793;625;4.6;
 2014;06;01;1;10600;318421;6954230;685;NA;
 2014;06;01;1;10800;336969;6953897;760;3.1;
 2014;06;01;1;67890;312249;6962011;700;NA;
 2014;06;01;1;67780;306926;6974825;397;NA;
 2014;06;01;1;67270;258780;6992634;160;NA;
 2014;06;01;1;67280;255575;6989575;299;6.2;
 2014;06;01;1;67290;258452;6986565;498;NA;
 2014;06;01;1;67560;275093;6990716;127;7.2;
 2014;06;01;1;67202;272492;7005783;420;NA;
 2014;06;01;1;67210;260955;7009858;40;NA;
 2014;06;01;1;68270;270844;7019536;173;NA;
 2014;06;01;1;67005;249703;7032096;70;NA;
 2014;06;01;1;68290;299423;7016879;160;6.8;
 2014;06;01;1;69190;304268;7029223;330;NA;
 2014;06;01;1;11000;337641;6975299;865;NA;
 2014;06;01;1;68420;326497;6996420;302;NA;
 2014;06;01;1;68840;340560;6977800;730;NA;
 2014;06;01;1;70680;324874;7095517;59;7.6;
 2014;06;01;1;70820;340727;7114066;50;NA;
 2014;06;01;1;70980;342592;7117642;100;NA;
 2014;06;01;1;71000;326609;7104351;6;7.5;
 2014;06;01;1;72250;333020;7138518;62;NA;
 2014;06;01;1;72580;335146;7153932;2;7.2;
 2014;06;01;1;75020;321562;7160504;36;NA;
 2014;06;01;1;69380;336640;7035612;169;6.5;
 2014;06;01;1;69420;344783;7021146;521;NA;
 2014;06;01;1;69520;351783;7026974;465;NA;
 2014;06;01;1;69090;296003;7041188;150;NA;
 2014;06;01;1;69100;297450;7043185;12;8.1;
 2014;06;01;1;69150;294886;7046589;40;7.9;
 2014;06;01;1;69280;325394;7042201;90;NA;
 2014;06;01;1;69550;318458;7045023;175;NA;
 2014;06;01;1;69655;286243;7055818;70;8.4;
 2014;06;01;1;71280;282872;7069446;138;NA;
 2014;06;01;1;69625;305364;7060874;30;NA;
 2014;06;01;1;69960;329313;7070421;182;NA;
 2014;06;01;1;70150;336167;7076988;81;NA;
 2014;06;01;1;70390;362106;7061687;430;NA;
 2014;06;01;1;70510;370969;7075736;377;NA;
 2014;06;01;1;72200;320401;7140136;38;NA;
 2014;06;01;1;70850;376940;7117145;195;5.7;
 2014;06;01;1;70930;375892;7127260;107;NA;
 2014;06;01;1;70960;371523;7136843;215;NA;
 2014;06;01;1;73210;408736;7153095;467;NA;
 2014;06;01;1;73250;440122;7124696;370;NA;
 2014;06;01;1;73500;438304;7147315;433;NA;
 2014;06;01;1;73800;435619;7173890;376;NA;
 2014;06;01;1;74320;395964;7180035;143;NA;
 2014;06;01;1;74350;397462;7181467;140;7.1;
 2014;06;01;1;74670;420147;7216515;280;NA;
 2014;06;01;1;73550;374493;7158775;95;6.2;
 2014;06;01;1;78910;372655;7176958;67;NA;
 2014;06;01;1;72650;348137;7154452;26;NA;
 2014;06;01;1;72710;356932;7157240;32;7;
 2014;06;01;1;75220;316980;7195647;4;6.3;
 2014;06;01;1;75410;288670;7193341;33;8;
 2014;06;01;1;75100;355569;7193898;44;NA;
 2014;06;01;1;75190;321401;7196911;35;NA;
 2014;06;01;1;75550;312736;7236943;23;7.3;
 2014;06;01;1;71200;303043;7082330;39;NA;
 2014;06;01;1;71230;289716;7080703;225;NA;
 2014;06;01;1;81340;151227;7476824;93;NA;
 2014;06;01;1;81360;495028;7442499;380;NA;
 2014;06;01;1;81365;494992;7439746;404;NA;
 2014;06;01;1;81370;498113;7445873;11;NA;
 2014;06;01;1;82160;493757;7471052;7;NA;
 2014;06;01;1;82210;482473;7463521;30;NA;
 2014;06;01;1;82220;479194;7462486;25;NA;
 2014;06;01;1;82260;476365;7463289;33;6.4;
 2014;06;01;1;82290;472350;7461310;11;6.5;
 2014;06;01;1;82300;474108;7459375;13;NA;
 2014;06;01;1;82310;475125;7465687;5;NA;
 2014;06;01;1;82410;452658;7476928;24;6.4;
 2014;06;01;1;82530;493187;7491421;15;NA;
 2014;06;01;1;84093;625603;7595347;483;NA;
 2014;06;01;1;84190;604152;7568122;29;NA;
 2014;06;01;1;84210;615610;7566717;740;NA;
 2014;06;01;1;84380;592281;7585908;30;NA;
 2014;06;01;1;84500;609178;7593389;200;5.1;
 2014;06;01;1;84630;601774;7591852;1000;NA;
 2014;06;01;1;84700;597940;7593787;31;6.9;
 2014;06;01;1;84905;627251;7594682;499;NA;
 2014;06;01;1;84910;617369;7603134;400;NA;
 2014;06;01;1;84920;599052;7603908;170;NA;
 2014;06;01;1;76100;376795;7224892;24;NA;
 2014;06;01;1;76250;367970;7244487;19;NA;
 2014;06;01;1;76330;371097;7262202;9;7.7;
 2014;06;01;1;76380;390453;7243853;55;NA;
 2014;06;01;1;76450;355744;7290302;4;7.2;
 2014;06;01;1;76470;379236;7282450;8;NA;
 2014;06;01;1;76530;382648;7302916;21;7.6;
 2014;06;01;1;76750;385088;7317846;17;7;
 2014;06;01;1;78250;405391;7328933;53;NA;
 2014;06;01;1;78350;427633;7345061;39;NA;
 2014;06;01;1;77230;418447;7297013;72;7.5;
 2014;06;01;1;77240;418011;7296502;135;NA;
 2014;06;01;1;78170;435789;7326544;155;NA;
 2014;06;01;1;78360;436190;7335310;126;6;
 2014;06;01;1;77270;420298;7284104;70;NA;
 2014;06;01;1;77280;421211;7278794;50;6.1;
 2014;06;01;1;77425;423465;7227968;319;5;
 2014;06;01;1;77850;465596;7248611;498;NA;
 2014;06;01;1;78770;476545;7297323;510;NA;
 2014;06;01;1;78800;463179;7300696;406;4;
 2014;06;01;1;78370;446226;7336272;20;NA;
 2014;06;01;1;78610;450051;7301419;439;NA;
 2014;06;01;1;79220;450716;7346513;5;6.6;
 2014;06;01;1;79480;462071;7354386;41;NA;
 2014;06;01;1;79600;468751;7360691;70;2.4;
 2014;06;01;1;79700;479000;7364152;110;2.5;
 2014;06;01;1;79762;497576;7376503;200;NA;
 2014;06;01;1;79764;497953;7375566;251;4.9;
 2014;06;01;1;79791;514363;7381789;676;NA;
 2014;06;01;1;80102;393160;7363283;10;8.1;
 2014;06;01;1;80200;418990;7364523;115;NA;
 2014;06;01;1;80340;370628;7378622;15;NA;
 2014;06;01;1;80610;389341;7407169;17;7.7;
 2014;06;01;1;80615;452656;7392012;1362;-3.9;
 2014;06;01;1;80705;453807;7412540;520;NA;
 2014;06;01;1;80707;452226;7413270;930;NA;
 2014;06;01;1;80730;441621;7418795;10;NA;
 2014;06;01;1;80740;440732;7421267;9;5.3;
 2014;06;01;1;81420;495562;7431852;600;NA;
 2014;06;01;1;81650;513792;7424370;39;5.1;
 2014;06;01;1;81770;520414;7402751;511;NA;
 2014;06;01;1;81775;520391;7402862;520;2.3;
 2014;06;01;1;82000;521033;7449945;7;6.9;
 2014;06;01;1;81900;546446;7446807;142;NA;
 2014;06;01;1;82020;517821;7456299;90;NA;
 2014;06;01;1;82110;504388;7462185;20;NA;
 2014;06;01;1;82130;506967;7468311;5;NA;
 2014;06;01;1;82650;525309;7471689;3;NA;
 2014;06;01;1;82840;521129;7490081;27;NA;
 2014;06;01;1;82970;538635;7514865;326;NA;
 2014;06;01;1;83280;507670;7532039;20;NA;
 2014;06;01;1;83300;504710;7534284;31;NA;
 2014;06;01;1;83520;536416;7531714;70;NA;
 2014;06;01;1;83710;545214;7548523;19;5.6;
 2014;06;01;1;83880;569321;7550989;3;NA;
 2014;06;01;1;83960;557680;7572115;252;NA;
 2014;06;01;1;85040;538794;7584191;8;7.1;
 2014;06;01;1;87763;564374;7613689;20;NA;
 2014;06;01;1;84970;568868;7598572;26;5.3;
 2014;06;01;1;84971;564457;7599637;409;NA;
 2014;06;01;1;84070;573684;7580748;53;NA;
 2014;06;01;1;88023;599709;7641857;8;NA;
 2014;06;01;1;85890;376493;7492982;4;7.5;
 2014;06;01;1;85892;376300;7493416;17;NA;
 2014;06;01;1;85840;403395;7505920;4;6.6;
 2014;06;01;1;85610;426873;7550313;13;NA;
 2014;06;01;1;85640;423998;7546046;20;NA;
 2014;06;01;1;85540;442240;7559179;13;NA;
 2014;06;01;1;85560;442492;7560791;26;6;
 2014;06;01;1;86070;440898;7568210;940;-1.2;
 2014;06;01;1;85380;485403;7560020;11;7;
 2014;06;01;1;85440;485229;7578641;3;NA;
 2014;06;01;1;85450;486322;7570250;9;6.1;
 2014;06;01;1;85470;478250;7569548;29;NA;
 2014;06;01;1;85480;468995;7572353;20;NA;
 2014;06;01;1;86290;463409;7577155;9;NA;
 2014;06;01;1;86300;465163;7578379;20;NA;
 2014;06;01;1;86310;466110;7579549;5;NA;
 2014;06;01;1;86600;501194;7607532;3;6.1;
 2014;06;01;1;86740;476931;7610615;8;6.1;
 2014;06;01;1;86950;508459;7644865;18;NA;
 2014;06;01;1;86500;516849;7621336;3;NA;
 2014;06;01;1;86520;511491;7615173;14;6.1;
 2014;06;01;1;87000;512605;7622984;500;NA;
 2014;06;01;1;87105;544563;7689920;17;NA;
 2014;06;01;1;87110;544607;7689040;10;6.6;
 2014;06;01;1;87120;539673;7681593;436;2.7;
 2014;06;01;1;85645;422726;7539860;54;NA;
 2014;06;01;1;85660;419763;7535889;17;NA;
 2014;06;01;1;90360;656242;7720403;80;NA;
 2014;06;01;1;90400;651477;7731942;20;5.8;
 2014;06;01;1;90450;652673;7732165;100;5.1;
 2014;06;01;1;90451;652661;7732164;100;NA;
 2014;06;01;1;90490;651598;7734677;8;5.5;
 2014;06;01;1;90491;646338;7740671;790;NA;
 2014;06;01;1;90495;654129;7736797;80;4.7;
 2014;06;01;1;90510;655393;7732029;3;4.4;
 2014;06;01;1;90560;650044;7737048;63;4.4;
 2014;06;01;1;90720;640988;7769064;26;5.8;
 2014;06;01;1;90721;641362;7770137;174;3.7;
 2014;06;01;1;90980;679982;7745598;17;NA;
 2014;06;01;1;91020;675020;7731822;30;NA;
 2014;06;01;1;91060;683026;7728512;25;NA;
 2014;06;01;1;91080;684047;7717211;25;NA;
 2014;06;01;1;87640;562028;7633138;45;6;
 2014;06;01;1;87750;560835;7611504;7;NA;
 2014;06;01;1;87315;530894;7611937;30;NA;
 2014;06;01;1;87860;589737;7617651;11;NA;
 2014;06;01;1;87970;607833;7614393;280;NA;
 2014;06;01;1;88100;631633;7617778;230;NA;
 2014;06;01;1;89500;634261;7642478;114;NA;
 2014;06;01;1;89515;634943;7642470;110;NA;
 2014;06;01;1;89650;655038;7621010;314;NA;
 2014;06;01;1;89120;639760;7687257;5;NA;
 2014;06;01;1;89130;632473;7684769;25;NA;
 2014;06;01;1;89350;641289;7664878;76;5.2;
 2014;06;01;1;89360;637941;7662955;410;NA;
 2014;06;01;1;89920;680639;7633169;1655;-6.4;
 2014;06;01;1;89940;689747;7637284;204;4.7;
 2014;06;01;1;90050;645722;7682625;77;NA;
 2014;06;01;1;89213;618088;7665244;175;NA;
 2014;06;01;1;89233;631265;7668117;170;NA;
 2014;06;01;1;88440;584816;7687719;10;NA;
 2014;06;01;1;88460;577670;7689197;3;NA;
 2014;06;01;1;88500;580674;7696157;25;NA;
 2014;06;01;1;88600;594906;7705494;90;NA;
 2014;06;01;1;88623;591989;7707701;5;NA;
 2014;06;01;1;88626;597035;7712086;5;NA;
 2014;06;01;1;88628;598122;7711997;20;NA;
 2014;06;01;1;88200;614839;7683254;9;NA;
 2014;06;01;1;88630;602620;7713402;45;NA;
 2014;06;01;1;88640;604162;7717488;10;NA;
 2014;06;01;1;88660;613878;7715197;6;NA;
 2014;06;01;1;88690;610063;7723961;14;6.1;
 2014;06;01;1;89010;623439;7689819;982;NA;
 2014;06;01;1;89980;684149;7671740;230;NA;
 2014;06;01;1;89985;680754;7672492;1020;NA;
 2014;06;01;1;90250;660822;7675823;230;NA;
 2014;06;01;1;90305;666928;7708549;69;NA;
 2014;06;01;1;90630;671427;7761345;8;NA;
 2014;06;01;1;90650;674501;7773968;7;NA;
 2014;06;01;1;90750;689258;7781585;7;NA;
 2014;06;01;1;90760;694053;7785655;57;4.3;
 2014;06;01;1;90800;669605;7799490;21;5.7;
 2014;06;01;1;91120;700531;7725170;670;0.5;
 2014;06;01;1;91130;698351;7724942;710;0.6;
 2014;06;01;1;91150;697901;7728229;60;NA;
 2014;06;01;1;91180;697108;7764337;48;NA;
 2014;06;01;1;91245;702797;7726963;53;NA;
 2014;06;01;1;91380;707316;7706524;20;6.1;
 2014;06;01;1;91430;720619;7689337;502;1.7;
 2014;06;01;1;91480;728020;7681417;510;1.3;
 2014;06;01;1;91500;711075;7727719;700;NA;
 2014;06;01;1;91505;709936;7728873;18;NA;
 2014;06;01;1;91510;716054;7722230;60;NA;
 2014;06;01;1;91660;715260;7731400;28;NA;
 2014;06;01;1;91695;726122;7769788;5;NA;
 2014;06;01;1;91715;724813;7777127;25;NA;
 2014;06;01;1;91725;726919;7780685;48;NA;
 2014;06;01;1;91727;714143;7781764;10;NA;
 2014;06;01;1;91728;711482;7782920;30;5.2;
 2014;06;01;1;91729;706325;7783439;850;NA;
 2014;06;01;1;91730;726175;7757181;310;NA;
 2014;06;01;1;91740;729306;7753505;6;6;
 2014;06;01;1;92170;746629;7766409;45;NA;
 2014;06;01;1;91890;753014;7768195;390;NA;
 2014;06;01;1;92350;764683;7762473;6;NA;
 2014;06;01;1;92500;754639;7793624;915;-2.9;
 2014;06;01;1;98550;1097311;7886881;14;4.7;
 2014;06;01;1;98560;1098504;7886742;39;NA;
 2014;06;01;1;98580;1095888;7884615;12;4.2;
 2014;06;01;1;98590;1096175;7882372;164;NA;
 2014;06;01;1;98630;1080279;7867805;25;NA;
 2014;06;01;1;98790;1059645;7841739;39;3.8;
 2014;06;01;1;94245;820407;7863373;55;NA;
 2014;06;01;1;94255;819442;7864441;25;NA;
 2014;06;01;1;94270;820876;7865246;170;NA;
 2014;06;01;1;94280;819435;7864666;81;4;
 2014;06;01;1;94281;819580;7867315;328;NA;
 2014;06;01;1;94290;822011;7866426;170;NA;
 2014;06;01;1;93301;831393;7742187;381;1.3;
 2014;06;01;1;93610;833368;7701909;589;NA;
 2014;06;01;1;93680;820014;7679822;362;NA;
 2014;06;01;1;93700;820557;7675028;307;NA;
 2014;06;01;1;93900;844348;7651048;382;0.3;
 2014;06;01;1;92895;775924;7786764;40;NA;
 2014;06;01;1;92900;776977;7787497;21;NA;
 2014;06;01;1;92910;778300;7788399;8;NA;
 2014;06;01;1;93090;815597;7785571;210;NA;
 2014;06;01;1;93140;818519;7785240;3;5.3;
 2014;06;01;1;94230;791829;7830456;18;4.9;
 2014;06;01;1;92600;753175;7804500;10;NA;
 2014;06;01;1;92860;777319;7801885;560;0.4;
 2014;06;01;1;92880;776746;7811002;10;NA;
 2014;06;01;1;92750;765855;7835779;6;5.4;
 2014;06;01;1;93000;775217;7850457;438;1.1;
 2014;06;01;1;94130;822001;7833278;38;NA;
 2014;06;01;1;94170;852432;7842620;90;NA;
 2014;06;01;1;94195;837296;7810824;339;NA;
 2014;06;01;1;94500;823762;7911914;13;5.1;
 2014;06;01;1;94650;849927;7905025;40;NA;
 2014;06;01;1;94640;886557;7929483;296;NA;
 2014;06;01;1;94670;894168;7911159;379;0.9;
 2014;06;01;1;94680;896770;7914645;14;5.3;
 2014;06;01;1;94710;897272;7912839;15;NA;
 2014;06;01;1;94800;888430;7886188;3;NA;
 2014;06;01;1;94805;888857;7886649;10;NA;
 2014;06;01;1;94870;874424;7849618;50;NA;
 2014;06;01;1;94990;873457;7809622;515;NA;
 2014;06;01;1;95350;878753;7803701;5;4.8;
 2014;06;01;1;95610;894665;7835960;13;NA;
 2014;06;01;1;97120;928340;7777939;120;3.2;
 2014;06;01;1;97251;909434;7741309;131;3.1;
 2014;06;01;1;97350;869599;7724125;286;NA;
 2014;06;01;1;97700;907421;7722197;643;NA;
 2014;06;01;1;97710;906480;7722262;591;NA;
 2014;06;01;1;95900;925889;7880328;6;NA;
 2014;06;01;1;96220;942501;7874598;18;NA;
 2014;06;01;1;96250;957490;7894364;338;NA;
 2014;06;01;1;96310;962335;7930279;13;3.9;
 2014;06;01;1;96400;974740;7939381;8;4.4;
 2014;06;01;1;96560;976541;7937020;22;NA;
 2014;06;01;1;96600;977517;7906916;15;NA;
 2014;06;01;1;98090;1009268;7922277;13;4.7;
 2014;06;01;1;98265;1020114;7885566;225;NA;
 2014;06;01;1;98270;1017711;7882826;464;NA;
 2014;06;01;1;96850;993805;7843185;32;4.3;
 2014;06;01;1;96931;991260;7826726;18;NA;
 2014;06;01;1;96970;970373;7816149;51;NA;
 2014;06;01;1;98360;1040203;7898903;152;2.5;
 2014;06;01;1;98400;1050719;7913415;9;4.2;
 2014;06;01;1;99340;1044033;7793802;85;NA;
 2014;06;01;1;99370;1071182;7805409;89;4.3;
 2014;06;01;1;99380;1070539;7803460;212;NA;
 2014;06;01;1;99420;1076266;7802273;60;NA;
 2014;06;01;1;99430;1078172;7795075;180;3.3;
 2014;06;01;1;99460;1083970;7777413;27;4.6;
 2014;06;01;1;99500;1072877;7765034;55;NA;
 2014;06;01;1;99540;1061500;7736401;56;4.5;
 2014;06;01;1;76900;-86617;7381055;2;NA;
 2014;06;01;1;76925;151843;7156052;55;NA;
 2014;06;01;1;76928;142710;7266257;68;NA;
 2014;06;01;1;76930;186977;7340051;33;NA;
 2014;06;01;1;76933;16373;7085459;40;NA;
 2014;06;01;1;76958;115351;7245801;114;NA;
 2014;06;01;1;77063;482663;7558955;0;NA;
 2014;06;01;1;77064;464560;7493456;0;NA;
 2014;06;01;1;76919;-222130;6328707;52;NA;
 2014;06;01;1;76920;-222130;6328707;50;NA;
 2014;06;01;1;76922;-202032;6862303;118;NA;
 2014;06;01;1;76923;-181110;6852250;80;NA;
 2014;06;01;1;76926;-262729;6544723;85;NA;
 2014;06;01;1;76927;-166344;6768084;83;NA;
 2014;06;01;1;76931;-114865;6776090;128;8.9;
 2014;06;01;1;76932;-218620;6673497;59;8.6;
 2014;06;01;1;76934;-204373;6857178;142;NA;
 2014;06;01;1;76935;-182417;6880461;114;NA;
 2014;06;01;1;76936;-177215;6888115;135;NA;
 2014;06;01;1;76937;-116102;6803831;117;NA;
 2014;06;01;1;76938;-227913;6428241;111;NA;
 2014;06;01;1;76939;-216795;6297769;95;NA;
 2014;06;01;1;76954;-92211;6850368;0;NA;
